,sentiment_score,value,Closed PnL,Execution Price,Size Tokens,Size USD,Fee,Start Position
sentiment_score,1.0,0.9671579112349693,0.005969909479052266,-0.038315904732112806,0.019913644799976676,-0.03191164627638387,-0.028614834246252257,-0.03096487132796876
value,0.9671579112349693,1.0,0.008120513598320127,-0.027558242640247362,0.0230797230249063,-0.029842905052960902,-0.026877378359326375,-0.049618871651171244
Closed PnL,0.005969909479052266,0.008120513598320127,1.0,-0.006429043742865859,0.0050666766139213166,0.12364467181670334,0.0840943781701766,0.0040683740355885985
Execution Price,-0.038315904732112806,-0.027558242640247362,-0.006429043742865859,1.0,-0.01718524703337121,0.18985909048570468,0.2252664189224154,0.017241734721130286
Size Tokens,0.019913644799976676,0.0230797230249063,0.0050666766139213166,-0.01718524703337121,1.0,0.013309764235729367,0.006710041019294429,0.04466023531801602
Size USD,-0.03191164627638387,-0.029842905052960902,0.12364467181670334,0.18985909048570468,0.013309764235729367,1.0,0.7459397090778594,0.007786832822496832
Fee,-0.028614834246252257,-0.026877378359326375,0.0840943781701766,0.2252664189224154,0.006710041019294429,0.7459397090778594,1.0,0.010559296041680795
Start Position,-0.03096487132796876,-0.049618871651171244,0.0040683740355885985,0.017241734721130286,0.04466023531801602,0.007786832822496832,0.010559296041680795,1.0
